ply
format ascii 1.0
comment created by MATLAB ply_write
element vertex 861
property short x
property short y
property float z
element face 1600
property list uchar short vertex_indices
end_header
-1000 -1000 1414.213562 
-900 -1000 1345.362405 
-800 -1000 1280.624847 
-700 -1000 1220.655562 
-600 -1000 1166.190379 
-500 -1000 1118.033989 
-400 -1000 1077.032961 
-300 -1000 1044.030651 
-200 -1000 1019.803903 
-100 -1000 1004.987562 
0 -1000 1000.000000 
100 -1000 1004.987562 
200 -1000 1019.803903 
300 -1000 1044.030651 
400 -1000 1077.032961 
500 -1000 1118.033989 
600 -1000 1166.190379 
700 -1000 1220.655562 
800 -1000 1280.624847 
900 -1000 1345.362405 
1000 -1000 1414.213562 
-1000 -950 1379.311422 
-900 -950 1308.625233 
-800 -950 1241.974235 
-700 -950 1180.042372 
-600 -950 1123.610253 
-500 -950 1073.545528 
-400 -950 1030.776406 
-300 -950 996.242942 
-200 -950 970.824392 
-100 -950 955.248659 
0 -950 950.000000 
100 -950 955.248659 
200 -950 970.824392 
300 -950 996.242942 
400 -950 1030.776406 
500 -950 1073.545528 
600 -950 1123.610253 
700 -950 1180.042372 
800 -950 1241.974235 
900 -950 1308.625233 
1000 -950 1379.311422 
-1000 -900 1345.362405 
-900 -900 1272.792206 
-800 -900 1204.159458 
-700 -900 1140.175425 
-600 -900 1081.665383 
-500 -900 1029.563014 
-400 -900 984.885780 
-300 -900 948.683298 
-200 -900 921.954446 
-100 -900 905.538514 
0 -900 900.000000 
100 -900 905.538514 
200 -900 921.954446 
300 -900 948.683298 
400 -900 984.885780 
500 -900 1029.563014 
600 -900 1081.665383 
700 -900 1140.175425 
800 -900 1204.159458 
900 -900 1272.792206 
1000 -900 1345.362405 
-1000 -850 1312.440475 
-900 -850 1237.941840 
-800 -850 1167.261753 
-700 -850 1101.135777 
-600 -850 1040.432602 
-500 -850 986.154146 
-400 -850 939.414711 
-300 -850 901.387819 
-200 -850 873.212460 
-100 -850 855.862138 
0 -850 850.000000 
100 -850 855.862138 
200 -850 873.212460 
300 -850 901.387819 
400 -850 939.414711 
500 -850 986.154146 
600 -850 1040.432602 
700 -850 1101.135777 
800 -850 1167.261753 
900 -850 1237.941840 
1000 -850 1312.440475 
-1000 -800 1280.624847 
-900 -800 1204.159458 
-800 -800 1131.370850 
-700 -800 1063.014581 
-600 -800 1000.000000 
-500 -800 943.398113 
-400 -800 894.427191 
-300 -800 854.400375 
-200 -800 824.621125 
-100 -800 806.225775 
0 -800 800.000000 
100 -800 806.225775 
200 -800 824.621125 
300 -800 854.400375 
400 -800 894.427191 
500 -800 943.398113 
600 -800 1000.000000 
700 -800 1063.014581 
800 -800 1131.370850 
900 -800 1204.159458 
1000 -800 1280.624847 
-1000 -750 1250.000000 
-900 -750 1171.537451 
-800 -750 1096.585610 
-700 -750 1025.914226 
-600 -750 960.468636 
-500 -750 901.387819 
-400 -750 850.000000 
-300 -750 807.774721 
-200 -750 776.208735 
-100 -750 756.637298 
0 -750 750.000000 
100 -750 756.637298 
200 -750 776.208735 
300 -750 807.774721 
400 -750 850.000000 
500 -750 901.387819 
600 -750 960.468636 
700 -750 1025.914226 
800 -750 1096.585610 
900 -750 1171.537451 
1000 -750 1250.000000 
-1000 -700 1220.655562 
-900 -700 1140.175425 
-800 -700 1063.014581 
-700 -700 989.949494 
-600 -700 921.954446 
-500 -700 860.232527 
-400 -700 806.225775 
-300 -700 761.577311 
-200 -700 728.010989 
-100 -700 707.106781 
0 -700 700.000000 
100 -700 707.106781 
200 -700 728.010989 
300 -700 761.577311 
400 -700 806.225775 
500 -700 860.232527 
600 -700 921.954446 
700 -700 989.949494 
800 -700 1063.014581 
900 -700 1140.175425 
1000 -700 1220.655562 
-1000 -650 1192.686044 
-900 -650 1110.180166 
-800 -650 1030.776406 
-700 -650 955.248659 
-600 -650 884.590301 
-500 -650 820.060973 
-400 -650 763.216876 
-300 -650 715.891053 
-200 -650 680.073525 
-100 -650 657.647322 
0 -650 650.000000 
100 -650 657.647322 
200 -650 680.073525 
300 -650 715.891053 
400 -650 763.216876 
500 -650 820.060973 
600 -650 884.590301 
700 -650 955.248659 
800 -650 1030.776406 
900 -650 1110.180166 
1000 -650 1192.686044 
-1000 -600 1166.190379 
-900 -600 1081.665383 
-800 -600 1000.000000 
-700 -600 921.954446 
-600 -600 848.528137 
-500 -600 781.024968 
-400 -600 721.110255 
-300 -600 670.820393 
-200 -600 632.455532 
-100 -600 608.276253 
0 -600 600.000000 
100 -600 608.276253 
200 -600 632.455532 
300 -600 670.820393 
400 -600 721.110255 
500 -600 781.024968 
600 -600 848.528137 
700 -600 921.954446 
800 -600 1000.000000 
900 -600 1081.665383 
1000 -600 1166.190379 
-1000 -550 1141.271221 
-900 -550 1054.751155 
-800 -550 970.824392 
-700 -550 890.224691 
-600 -550 813.941030 
-500 -550 743.303437 
-400 -550 680.073525 
-300 -550 626.498204 
-200 -550 585.234996 
-100 -550 559.016994 
0 -550 550.000000 
100 -550 559.016994 
200 -550 585.234996 
300 -550 626.498204 
400 -550 680.073525 
500 -550 743.303437 
600 -550 813.941030 
700 -550 890.224691 
800 -550 970.824392 
900 -550 1054.751155 
1000 -550 1141.271221 
-1000 -500 1118.033989 
-900 -500 1029.563014 
-800 -500 943.398113 
-700 -500 860.232527 
-600 -500 781.024968 
-500 -500 707.106781 
-400 -500 640.312424 
-300 -500 583.095189 
-200 -500 538.516481 
-100 -500 509.901951 
0 -500 500.000000 
100 -500 509.901951 
200 -500 538.516481 
300 -500 583.095189 
400 -500 640.312424 
500 -500 707.106781 
600 -500 781.024968 
700 -500 860.232527 
800 -500 943.398113 
900 -500 1029.563014 
1000 -500 1118.033989 
-1000 -450 1096.585610 
-900 -450 1006.230590 
-800 -450 917.877988 
-700 -450 832.165849 
-600 -450 750.000000 
-500 -450 672.681202 
-400 -450 602.079729 
-300 -450 540.832691 
-200 -450 492.442890 
-100 -450 460.977223 
0 -450 450.000000 
100 -450 460.977223 
200 -450 492.442890 
300 -450 540.832691 
400 -450 602.079729 
500 -450 672.681202 
600 -450 750.000000 
700 -450 832.165849 
800 -450 917.877988 
900 -450 1006.230590 
1000 -450 1096.585610 
-1000 -400 1077.032961 
-900 -400 984.885780 
-800 -400 894.427191 
-700 -400 806.225775 
-600 -400 721.110255 
-500 -400 640.312424 
-400 -400 565.685425 
-300 -400 500.000000 
-200 -400 447.213595 
-100 -400 412.310563 
0 -400 400.000000 
100 -400 412.310563 
200 -400 447.213595 
300 -400 500.000000 
400 -400 565.685425 
500 -400 640.312424 
600 -400 721.110255 
700 -400 806.225775 
800 -400 894.427191 
900 -400 984.885780 
1000 -400 1077.032961 
-1000 -350 1059.481005 
-900 -350 965.660396 
-800 -350 873.212460 
-700 -350 782.623792 
-600 -350 694.622199 
-500 -350 610.327781 
-400 -350 531.507291 
-300 -350 460.977223 
-200 -350 403.112887 
-100 -350 364.005494 
0 -350 350.000000 
100 -350 364.005494 
200 -350 403.112887 
300 -350 460.977223 
400 -350 531.507291 
500 -350 610.327781 
600 -350 694.622199 
700 -350 782.623792 
800 -350 873.212460 
900 -350 965.660396 
1000 -350 1059.481005 
-1000 -300 1044.030651 
-900 -300 948.683298 
-800 -300 854.400375 
-700 -300 761.577311 
-600 -300 670.820393 
-500 -300 583.095189 
-400 -300 500.000000 
-300 -300 424.264069 
-200 -300 360.555128 
-100 -300 316.227766 
0 -300 300.000000 
100 -300 316.227766 
200 -300 360.555128 
300 -300 424.264069 
400 -300 500.000000 
500 -300 583.095189 
600 -300 670.820393 
700 -300 761.577311 
800 -300 854.400375 
900 -300 948.683298 
1000 -300 1044.030651 
-1000 -250 1030.776406 
-900 -250 934.077085 
-800 -250 838.152731 
-700 -250 743.303437 
-600 -250 650.000000 
-500 -250 559.016994 
-400 -250 471.699057 
-300 -250 390.512484 
-200 -250 320.156212 
-100 -250 269.258240 
0 -250 250.000000 
100 -250 269.258240 
200 -250 320.156212 
300 -250 390.512484 
400 -250 471.699057 
500 -250 559.016994 
600 -250 650.000000 
700 -250 743.303437 
800 -250 838.152731 
900 -250 934.077085 
1000 -250 1030.776406 
-1000 -200 1019.803903 
-900 -200 921.954446 
-800 -200 824.621125 
-700 -200 728.010989 
-600 -200 632.455532 
-500 -200 538.516481 
-400 -200 447.213595 
-300 -200 360.555128 
-200 -200 282.842712 
-100 -200 223.606798 
0 -200 200.000000 
100 -200 223.606798 
200 -200 282.842712 
300 -200 360.555128 
400 -200 447.213595 
500 -200 538.516481 
600 -200 632.455532 
700 -200 728.010989 
800 -200 824.621125 
900 -200 921.954446 
1000 -200 1019.803903 
-1000 -150 1011.187421 
-900 -150 912.414380 
-800 -150 813.941030 
-700 -150 715.891053 
-600 -150 618.465844 
-500 -150 522.015325 
-400 -150 427.200187 
-300 -150 335.410197 
-200 -150 250.000000 
-100 -150 180.277564 
0 -150 150.000000 
100 -150 180.277564 
200 -150 250.000000 
300 -150 335.410197 
400 -150 427.200187 
500 -150 522.015325 
600 -150 618.465844 
700 -150 715.891053 
800 -150 813.941030 
900 -150 912.414380 
1000 -150 1011.187421 
-1000 -100 1004.987562 
-900 -100 905.538514 
-800 -100 806.225775 
-700 -100 707.106781 
-600 -100 608.276253 
-500 -100 509.901951 
-400 -100 412.310563 
-300 -100 316.227766 
-200 -100 223.606798 
-100 -100 141.421356 
0 -100 100.000000 
100 -100 141.421356 
200 -100 223.606798 
300 -100 316.227766 
400 -100 412.310563 
500 -100 509.901951 
600 -100 608.276253 
700 -100 707.106781 
800 -100 806.225775 
900 -100 905.538514 
1000 -100 1004.987562 
-1000 -50 1001.249220 
-900 -50 901.387819 
-800 -50 801.560977 
-700 -50 701.783442 
-600 -50 602.079729 
-500 -50 502.493781 
-400 -50 403.112887 
-300 -50 304.138127 
-200 -50 206.155281 
-100 -50 111.803399 
0 -50 50.000000 
100 -50 111.803399 
200 -50 206.155281 
300 -50 304.138127 
400 -50 403.112887 
500 -50 502.493781 
600 -50 602.079729 
700 -50 701.783442 
800 -50 801.560977 
900 -50 901.387819 
1000 -50 1001.249220 
-1000 0 1000.000000 
-900 0 900.000000 
-800 0 800.000000 
-700 0 700.000000 
-600 0 600.000000 
-500 0 500.000000 
-400 0 400.000000 
-300 0 300.000000 
-200 0 200.000000 
-100 0 100.000000 
0 0 0.000000 
100 0 100.000000 
200 0 200.000000 
300 0 300.000000 
400 0 400.000000 
500 0 500.000000 
600 0 600.000000 
700 0 700.000000 
800 0 800.000000 
900 0 900.000000 
1000 0 1000.000000 
-1000 50 1001.249220 
-900 50 901.387819 
-800 50 801.560977 
-700 50 701.783442 
-600 50 602.079729 
-500 50 502.493781 
-400 50 403.112887 
-300 50 304.138127 
-200 50 206.155281 
-100 50 111.803399 
0 50 50.000000 
100 50 111.803399 
200 50 206.155281 
300 50 304.138127 
400 50 403.112887 
500 50 502.493781 
600 50 602.079729 
700 50 701.783442 
800 50 801.560977 
900 50 901.387819 
1000 50 1001.249220 
-1000 100 1004.987562 
-900 100 905.538514 
-800 100 806.225775 
-700 100 707.106781 
-600 100 608.276253 
-500 100 509.901951 
-400 100 412.310563 
-300 100 316.227766 
-200 100 223.606798 
-100 100 141.421356 
0 100 100.000000 
100 100 141.421356 
200 100 223.606798 
300 100 316.227766 
400 100 412.310563 
500 100 509.901951 
600 100 608.276253 
700 100 707.106781 
800 100 806.225775 
900 100 905.538514 
1000 100 1004.987562 
-1000 150 1011.187421 
-900 150 912.414380 
-800 150 813.941030 
-700 150 715.891053 
-600 150 618.465844 
-500 150 522.015325 
-400 150 427.200187 
-300 150 335.410197 
-200 150 250.000000 
-100 150 180.277564 
0 150 150.000000 
100 150 180.277564 
200 150 250.000000 
300 150 335.410197 
400 150 427.200187 
500 150 522.015325 
600 150 618.465844 
700 150 715.891053 
800 150 813.941030 
900 150 912.414380 
1000 150 1011.187421 
-1000 200 1019.803903 
-900 200 921.954446 
-800 200 824.621125 
-700 200 728.010989 
-600 200 632.455532 
-500 200 538.516481 
-400 200 447.213595 
-300 200 360.555128 
-200 200 282.842712 
-100 200 223.606798 
0 200 200.000000 
100 200 223.606798 
200 200 282.842712 
300 200 360.555128 
400 200 447.213595 
500 200 538.516481 
600 200 632.455532 
700 200 728.010989 
800 200 824.621125 
900 200 921.954446 
1000 200 1019.803903 
-1000 250 1030.776406 
-900 250 934.077085 
-800 250 838.152731 
-700 250 743.303437 
-600 250 650.000000 
-500 250 559.016994 
-400 250 471.699057 
-300 250 390.512484 
-200 250 320.156212 
-100 250 269.258240 
0 250 250.000000 
100 250 269.258240 
200 250 320.156212 
300 250 390.512484 
400 250 471.699057 
500 250 559.016994 
600 250 650.000000 
700 250 743.303437 
800 250 838.152731 
900 250 934.077085 
1000 250 1030.776406 
-1000 300 1044.030651 
-900 300 948.683298 
-800 300 854.400375 
-700 300 761.577311 
-600 300 670.820393 
-500 300 583.095189 
-400 300 500.000000 
-300 300 424.264069 
-200 300 360.555128 
-100 300 316.227766 
0 300 300.000000 
100 300 316.227766 
200 300 360.555128 
300 300 424.264069 
400 300 500.000000 
500 300 583.095189 
600 300 670.820393 
700 300 761.577311 
800 300 854.400375 
900 300 948.683298 
1000 300 1044.030651 
-1000 350 1059.481005 
-900 350 965.660396 
-800 350 873.212460 
-700 350 782.623792 
-600 350 694.622199 
-500 350 610.327781 
-400 350 531.507291 
-300 350 460.977223 
-200 350 403.112887 
-100 350 364.005494 
0 350 350.000000 
100 350 364.005494 
200 350 403.112887 
300 350 460.977223 
400 350 531.507291 
500 350 610.327781 
600 350 694.622199 
700 350 782.623792 
800 350 873.212460 
900 350 965.660396 
1000 350 1059.481005 
-1000 400 1077.032961 
-900 400 984.885780 
-800 400 894.427191 
-700 400 806.225775 
-600 400 721.110255 
-500 400 640.312424 
-400 400 565.685425 
-300 400 500.000000 
-200 400 447.213595 
-100 400 412.310563 
0 400 400.000000 
100 400 412.310563 
200 400 447.213595 
300 400 500.000000 
400 400 565.685425 
500 400 640.312424 
600 400 721.110255 
700 400 806.225775 
800 400 894.427191 
900 400 984.885780 
1000 400 1077.032961 
-1000 450 1096.585610 
-900 450 1006.230590 
-800 450 917.877988 
-700 450 832.165849 
-600 450 750.000000 
-500 450 672.681202 
-400 450 602.079729 
-300 450 540.832691 
-200 450 492.442890 
-100 450 460.977223 
0 450 450.000000 
100 450 460.977223 
200 450 492.442890 
300 450 540.832691 
400 450 602.079729 
500 450 672.681202 
600 450 750.000000 
700 450 832.165849 
800 450 917.877988 
900 450 1006.230590 
1000 450 1096.585610 
-1000 500 1118.033989 
-900 500 1029.563014 
-800 500 943.398113 
-700 500 860.232527 
-600 500 781.024968 
-500 500 707.106781 
-400 500 640.312424 
-300 500 583.095189 
-200 500 538.516481 
-100 500 509.901951 
0 500 500.000000 
100 500 509.901951 
200 500 538.516481 
300 500 583.095189 
400 500 640.312424 
500 500 707.106781 
600 500 781.024968 
700 500 860.232527 
800 500 943.398113 
900 500 1029.563014 
1000 500 1118.033989 
-1000 550 1141.271221 
-900 550 1054.751155 
-800 550 970.824392 
-700 550 890.224691 
-600 550 813.941030 
-500 550 743.303437 
-400 550 680.073525 
-300 550 626.498204 
-200 550 585.234996 
-100 550 559.016994 
0 550 550.000000 
100 550 559.016994 
200 550 585.234996 
300 550 626.498204 
400 550 680.073525 
500 550 743.303437 
600 550 813.941030 
700 550 890.224691 
800 550 970.824392 
900 550 1054.751155 
1000 550 1141.271221 
-1000 600 1166.190379 
-900 600 1081.665383 
-800 600 1000.000000 
-700 600 921.954446 
-600 600 848.528137 
-500 600 781.024968 
-400 600 721.110255 
-300 600 670.820393 
-200 600 632.455532 
-100 600 608.276253 
0 600 600.000000 
100 600 608.276253 
200 600 632.455532 
300 600 670.820393 
400 600 721.110255 
500 600 781.024968 
600 600 848.528137 
700 600 921.954446 
800 600 1000.000000 
900 600 1081.665383 
1000 600 1166.190379 
-1000 650 1192.686044 
-900 650 1110.180166 
-800 650 1030.776406 
-700 650 955.248659 
-600 650 884.590301 
-500 650 820.060973 
-400 650 763.216876 
-300 650 715.891053 
-200 650 680.073525 
-100 650 657.647322 
0 650 650.000000 
100 650 657.647322 
200 650 680.073525 
300 650 715.891053 
400 650 763.216876 
500 650 820.060973 
600 650 884.590301 
700 650 955.248659 
800 650 1030.776406 
900 650 1110.180166 
1000 650 1192.686044 
-1000 700 1220.655562 
-900 700 1140.175425 
-800 700 1063.014581 
-700 700 989.949494 
-600 700 921.954446 
-500 700 860.232527 
-400 700 806.225775 
-300 700 761.577311 
-200 700 728.010989 
-100 700 707.106781 
0 700 700.000000 
100 700 707.106781 
200 700 728.010989 
300 700 761.577311 
400 700 806.225775 
500 700 860.232527 
600 700 921.954446 
700 700 989.949494 
800 700 1063.014581 
900 700 1140.175425 
1000 700 1220.655562 
-1000 750 1250.000000 
-900 750 1171.537451 
-800 750 1096.585610 
-700 750 1025.914226 
-600 750 960.468636 
-500 750 901.387819 
-400 750 850.000000 
-300 750 807.774721 
-200 750 776.208735 
-100 750 756.637298 
0 750 750.000000 
100 750 756.637298 
200 750 776.208735 
300 750 807.774721 
400 750 850.000000 
500 750 901.387819 
600 750 960.468636 
700 750 1025.914226 
800 750 1096.585610 
900 750 1171.537451 
1000 750 1250.000000 
-1000 800 1280.624847 
-900 800 1204.159458 
-800 800 1131.370850 
-700 800 1063.014581 
-600 800 1000.000000 
-500 800 943.398113 
-400 800 894.427191 
-300 800 854.400375 
-200 800 824.621125 
-100 800 806.225775 
0 800 800.000000 
100 800 806.225775 
200 800 824.621125 
300 800 854.400375 
400 800 894.427191 
500 800 943.398113 
600 800 1000.000000 
700 800 1063.014581 
800 800 1131.370850 
900 800 1204.159458 
1000 800 1280.624847 
-1000 850 1312.440475 
-900 850 1237.941840 
-800 850 1167.261753 
-700 850 1101.135777 
-600 850 1040.432602 
-500 850 986.154146 
-400 850 939.414711 
-300 850 901.387819 
-200 850 873.212460 
-100 850 855.862138 
0 850 850.000000 
100 850 855.862138 
200 850 873.212460 
300 850 901.387819 
400 850 939.414711 
500 850 986.154146 
600 850 1040.432602 
700 850 1101.135777 
800 850 1167.261753 
900 850 1237.941840 
1000 850 1312.440475 
-1000 900 1345.362405 
-900 900 1272.792206 
-800 900 1204.159458 
-700 900 1140.175425 
-600 900 1081.665383 
-500 900 1029.563014 
-400 900 984.885780 
-300 900 948.683298 
-200 900 921.954446 
-100 900 905.538514 
0 900 900.000000 
100 900 905.538514 
200 900 921.954446 
300 900 948.683298 
400 900 984.885780 
500 900 1029.563014 
600 900 1081.665383 
700 900 1140.175425 
800 900 1204.159458 
900 900 1272.792206 
1000 900 1345.362405 
-1000 950 1379.311422 
-900 950 1308.625233 
-800 950 1241.974235 
-700 950 1180.042372 
-600 950 1123.610253 
-500 950 1073.545528 
-400 950 1030.776406 
-300 950 996.242942 
-200 950 970.824392 
-100 950 955.248659 
0 950 950.000000 
100 950 955.248659 
200 950 970.824392 
300 950 996.242942 
400 950 1030.776406 
500 950 1073.545528 
600 950 1123.610253 
700 950 1180.042372 
800 950 1241.974235 
900 950 1308.625233 
1000 950 1379.311422 
-1000 1000 1414.213562 
-900 1000 1345.362405 
-800 1000 1280.624847 
-700 1000 1220.655562 
-600 1000 1166.190379 
-500 1000 1118.033989 
-400 1000 1077.032961 
-300 1000 1044.030651 
-200 1000 1019.803903 
-100 1000 1004.987562 
0 1000 1000.000000 
100 1000 1004.987562 
200 1000 1019.803903 
300 1000 1044.030651 
400 1000 1077.032961 
500 1000 1118.033989 
600 1000 1166.190379 
700 1000 1220.655562 
800 1000 1280.624847 
900 1000 1345.362405 
1000 1000 1414.213562 
3 0 1 21 
3 1 2 22 
3 2 3 23 
3 3 4 24 
3 4 5 25 
3 5 6 26 
3 6 7 27 
3 7 8 28 
3 8 9 29 
3 9 10 30 
3 10 11 31 
3 11 12 32 
3 12 13 33 
3 13 14 34 
3 14 15 35 
3 15 16 36 
3 16 17 37 
3 17 18 38 
3 18 19 39 
3 19 20 40 
3 21 22 42 
3 22 23 43 
3 23 24 44 
3 24 25 45 
3 25 26 46 
3 26 27 47 
3 27 28 48 
3 28 29 49 
3 29 30 50 
3 30 31 51 
3 31 32 52 
3 32 33 53 
3 33 34 54 
3 34 35 55 
3 35 36 56 
3 36 37 57 
3 37 38 58 
3 38 39 59 
3 39 40 60 
3 40 41 61 
3 42 43 63 
3 43 44 64 
3 44 45 65 
3 45 46 66 
3 46 47 67 
3 47 48 68 
3 48 49 69 
3 49 50 70 
3 50 51 71 
3 51 52 72 
3 52 53 73 
3 53 54 74 
3 54 55 75 
3 55 56 76 
3 56 57 77 
3 57 58 78 
3 58 59 79 
3 59 60 80 
3 60 61 81 
3 61 62 82 
3 63 64 84 
3 64 65 85 
3 65 66 86 
3 66 67 87 
3 67 68 88 
3 68 69 89 
3 69 70 90 
3 70 71 91 
3 71 72 92 
3 72 73 93 
3 73 74 94 
3 74 75 95 
3 75 76 96 
3 76 77 97 
3 77 78 98 
3 78 79 99 
3 79 80 100 
3 80 81 101 
3 81 82 102 
3 82 83 103 
3 84 85 105 
3 85 86 106 
3 86 87 107 
3 87 88 108 
3 88 89 109 
3 89 90 110 
3 90 91 111 
3 91 92 112 
3 92 93 113 
3 93 94 114 
3 94 95 115 
3 95 96 116 
3 96 97 117 
3 97 98 118 
3 98 99 119 
3 99 100 120 
3 100 101 121 
3 101 102 122 
3 102 103 123 
3 103 104 124 
3 105 106 126 
3 106 107 127 
3 107 108 128 
3 108 109 129 
3 109 110 130 
3 110 111 131 
3 111 112 132 
3 112 113 133 
3 113 114 134 
3 114 115 135 
3 115 116 136 
3 116 117 137 
3 117 118 138 
3 118 119 139 
3 119 120 140 
3 120 121 141 
3 121 122 142 
3 122 123 143 
3 123 124 144 
3 124 125 145 
3 126 127 147 
3 127 128 148 
3 128 129 149 
3 129 130 150 
3 130 131 151 
3 131 132 152 
3 132 133 153 
3 133 134 154 
3 134 135 155 
3 135 136 156 
3 136 137 157 
3 137 138 158 
3 138 139 159 
3 139 140 160 
3 140 141 161 
3 141 142 162 
3 142 143 163 
3 143 144 164 
3 144 145 165 
3 145 146 166 
3 147 148 168 
3 148 149 169 
3 149 150 170 
3 150 151 171 
3 151 152 172 
3 152 153 173 
3 153 154 174 
3 154 155 175 
3 155 156 176 
3 156 157 177 
3 157 158 178 
3 158 159 179 
3 159 160 180 
3 160 161 181 
3 161 162 182 
3 162 163 183 
3 163 164 184 
3 164 165 185 
3 165 166 186 
3 166 167 187 
3 168 169 189 
3 169 170 190 
3 170 171 191 
3 171 172 192 
3 172 173 193 
3 173 174 194 
3 174 175 195 
3 175 176 196 
3 176 177 197 
3 177 178 198 
3 178 179 199 
3 179 180 200 
3 180 181 201 
3 181 182 202 
3 182 183 203 
3 183 184 204 
3 184 185 205 
3 185 186 206 
3 186 187 207 
3 187 188 208 
3 189 190 210 
3 190 191 211 
3 191 192 212 
3 192 193 213 
3 193 194 214 
3 194 195 215 
3 195 196 216 
3 196 197 217 
3 197 198 218 
3 198 199 219 
3 199 200 220 
3 200 201 221 
3 201 202 222 
3 202 203 223 
3 203 204 224 
3 204 205 225 
3 205 206 226 
3 206 207 227 
3 207 208 228 
3 208 209 229 
3 210 211 231 
3 211 212 232 
3 212 213 233 
3 213 214 234 
3 214 215 235 
3 215 216 236 
3 216 217 237 
3 217 218 238 
3 218 219 239 
3 219 220 240 
3 220 221 241 
3 221 222 242 
3 222 223 243 
3 223 224 244 
3 224 225 245 
3 225 226 246 
3 226 227 247 
3 227 228 248 
3 228 229 249 
3 229 230 250 
3 231 232 252 
3 232 233 253 
3 233 234 254 
3 234 235 255 
3 235 236 256 
3 236 237 257 
3 237 238 258 
3 238 239 259 
3 239 240 260 
3 240 241 261 
3 241 242 262 
3 242 243 263 
3 243 244 264 
3 244 245 265 
3 245 246 266 
3 246 247 267 
3 247 248 268 
3 248 249 269 
3 249 250 270 
3 250 251 271 
3 252 253 273 
3 253 254 274 
3 254 255 275 
3 255 256 276 
3 256 257 277 
3 257 258 278 
3 258 259 279 
3 259 260 280 
3 260 261 281 
3 261 262 282 
3 262 263 283 
3 263 264 284 
3 264 265 285 
3 265 266 286 
3 266 267 287 
3 267 268 288 
3 268 269 289 
3 269 270 290 
3 270 271 291 
3 271 272 292 
3 273 274 294 
3 274 275 295 
3 275 276 296 
3 276 277 297 
3 277 278 298 
3 278 279 299 
3 279 280 300 
3 280 281 301 
3 281 282 302 
3 282 283 303 
3 283 284 304 
3 284 285 305 
3 285 286 306 
3 286 287 307 
3 287 288 308 
3 288 289 309 
3 289 290 310 
3 290 291 311 
3 291 292 312 
3 292 293 313 
3 294 295 315 
3 295 296 316 
3 296 297 317 
3 297 298 318 
3 298 299 319 
3 299 300 320 
3 300 301 321 
3 301 302 322 
3 302 303 323 
3 303 304 324 
3 304 305 325 
3 305 306 326 
3 306 307 327 
3 307 308 328 
3 308 309 329 
3 309 310 330 
3 310 311 331 
3 311 312 332 
3 312 313 333 
3 313 314 334 
3 315 316 336 
3 316 317 337 
3 317 318 338 
3 318 319 339 
3 319 320 340 
3 320 321 341 
3 321 322 342 
3 322 323 343 
3 323 324 344 
3 324 325 345 
3 325 326 346 
3 326 327 347 
3 327 328 348 
3 328 329 349 
3 329 330 350 
3 330 331 351 
3 331 332 352 
3 332 333 353 
3 333 334 354 
3 334 335 355 
3 336 337 357 
3 337 338 358 
3 338 339 359 
3 339 340 360 
3 340 341 361 
3 341 342 362 
3 342 343 363 
3 343 344 364 
3 344 345 365 
3 345 346 366 
3 346 347 367 
3 347 348 368 
3 348 349 369 
3 349 350 370 
3 350 351 371 
3 351 352 372 
3 352 353 373 
3 353 354 374 
3 354 355 375 
3 355 356 376 
3 357 358 378 
3 358 359 379 
3 359 360 380 
3 360 361 381 
3 361 362 382 
3 362 363 383 
3 363 364 384 
3 364 365 385 
3 365 366 386 
3 366 367 387 
3 367 368 388 
3 368 369 389 
3 369 370 390 
3 370 371 391 
3 371 372 392 
3 372 373 393 
3 373 374 394 
3 374 375 395 
3 375 376 396 
3 376 377 397 
3 378 379 399 
3 379 380 400 
3 380 381 401 
3 381 382 402 
3 382 383 403 
3 383 384 404 
3 384 385 405 
3 385 386 406 
3 386 387 407 
3 387 388 408 
3 388 389 409 
3 389 390 410 
3 390 391 411 
3 391 392 412 
3 392 393 413 
3 393 394 414 
3 394 395 415 
3 395 396 416 
3 396 397 417 
3 397 398 418 
3 399 400 420 
3 400 401 421 
3 401 402 422 
3 402 403 423 
3 403 404 424 
3 404 405 425 
3 405 406 426 
3 406 407 427 
3 407 408 428 
3 408 409 429 
3 409 410 430 
3 410 411 431 
3 411 412 432 
3 412 413 433 
3 413 414 434 
3 414 415 435 
3 415 416 436 
3 416 417 437 
3 417 418 438 
3 418 419 439 
3 420 421 441 
3 421 422 442 
3 422 423 443 
3 423 424 444 
3 424 425 445 
3 425 426 446 
3 426 427 447 
3 427 428 448 
3 428 429 449 
3 429 430 450 
3 430 431 451 
3 431 432 452 
3 432 433 453 
3 433 434 454 
3 434 435 455 
3 435 436 456 
3 436 437 457 
3 437 438 458 
3 438 439 459 
3 439 440 460 
3 441 442 462 
3 442 443 463 
3 443 444 464 
3 444 445 465 
3 445 446 466 
3 446 447 467 
3 447 448 468 
3 448 449 469 
3 449 450 470 
3 450 451 471 
3 451 452 472 
3 452 453 473 
3 453 454 474 
3 454 455 475 
3 455 456 476 
3 456 457 477 
3 457 458 478 
3 458 459 479 
3 459 460 480 
3 460 461 481 
3 462 463 483 
3 463 464 484 
3 464 465 485 
3 465 466 486 
3 466 467 487 
3 467 468 488 
3 468 469 489 
3 469 470 490 
3 470 471 491 
3 471 472 492 
3 472 473 493 
3 473 474 494 
3 474 475 495 
3 475 476 496 
3 476 477 497 
3 477 478 498 
3 478 479 499 
3 479 480 500 
3 480 481 501 
3 481 482 502 
3 483 484 504 
3 484 485 505 
3 485 486 506 
3 486 487 507 
3 487 488 508 
3 488 489 509 
3 489 490 510 
3 490 491 511 
3 491 492 512 
3 492 493 513 
3 493 494 514 
3 494 495 515 
3 495 496 516 
3 496 497 517 
3 497 498 518 
3 498 499 519 
3 499 500 520 
3 500 501 521 
3 501 502 522 
3 502 503 523 
3 504 505 525 
3 505 506 526 
3 506 507 527 
3 507 508 528 
3 508 509 529 
3 509 510 530 
3 510 511 531 
3 511 512 532 
3 512 513 533 
3 513 514 534 
3 514 515 535 
3 515 516 536 
3 516 517 537 
3 517 518 538 
3 518 519 539 
3 519 520 540 
3 520 521 541 
3 521 522 542 
3 522 523 543 
3 523 524 544 
3 525 526 546 
3 526 527 547 
3 527 528 548 
3 528 529 549 
3 529 530 550 
3 530 531 551 
3 531 532 552 
3 532 533 553 
3 533 534 554 
3 534 535 555 
3 535 536 556 
3 536 537 557 
3 537 538 558 
3 538 539 559 
3 539 540 560 
3 540 541 561 
3 541 542 562 
3 542 543 563 
3 543 544 564 
3 544 545 565 
3 546 547 567 
3 547 548 568 
3 548 549 569 
3 549 550 570 
3 550 551 571 
3 551 552 572 
3 552 553 573 
3 553 554 574 
3 554 555 575 
3 555 556 576 
3 556 557 577 
3 557 558 578 
3 558 559 579 
3 559 560 580 
3 560 561 581 
3 561 562 582 
3 562 563 583 
3 563 564 584 
3 564 565 585 
3 565 566 586 
3 567 568 588 
3 568 569 589 
3 569 570 590 
3 570 571 591 
3 571 572 592 
3 572 573 593 
3 573 574 594 
3 574 575 595 
3 575 576 596 
3 576 577 597 
3 577 578 598 
3 578 579 599 
3 579 580 600 
3 580 581 601 
3 581 582 602 
3 582 583 603 
3 583 584 604 
3 584 585 605 
3 585 586 606 
3 586 587 607 
3 588 589 609 
3 589 590 610 
3 590 591 611 
3 591 592 612 
3 592 593 613 
3 593 594 614 
3 594 595 615 
3 595 596 616 
3 596 597 617 
3 597 598 618 
3 598 599 619 
3 599 600 620 
3 600 601 621 
3 601 602 622 
3 602 603 623 
3 603 604 624 
3 604 605 625 
3 605 606 626 
3 606 607 627 
3 607 608 628 
3 609 610 630 
3 610 611 631 
3 611 612 632 
3 612 613 633 
3 613 614 634 
3 614 615 635 
3 615 616 636 
3 616 617 637 
3 617 618 638 
3 618 619 639 
3 619 620 640 
3 620 621 641 
3 621 622 642 
3 622 623 643 
3 623 624 644 
3 624 625 645 
3 625 626 646 
3 626 627 647 
3 627 628 648 
3 628 629 649 
3 630 631 651 
3 631 632 652 
3 632 633 653 
3 633 634 654 
3 634 635 655 
3 635 636 656 
3 636 637 657 
3 637 638 658 
3 638 639 659 
3 639 640 660 
3 640 641 661 
3 641 642 662 
3 642 643 663 
3 643 644 664 
3 644 645 665 
3 645 646 666 
3 646 647 667 
3 647 648 668 
3 648 649 669 
3 649 650 670 
3 651 652 672 
3 652 653 673 
3 653 654 674 
3 654 655 675 
3 655 656 676 
3 656 657 677 
3 657 658 678 
3 658 659 679 
3 659 660 680 
3 660 661 681 
3 661 662 682 
3 662 663 683 
3 663 664 684 
3 664 665 685 
3 665 666 686 
3 666 667 687 
3 667 668 688 
3 668 669 689 
3 669 670 690 
3 670 671 691 
3 672 673 693 
3 673 674 694 
3 674 675 695 
3 675 676 696 
3 676 677 697 
3 677 678 698 
3 678 679 699 
3 679 680 700 
3 680 681 701 
3 681 682 702 
3 682 683 703 
3 683 684 704 
3 684 685 705 
3 685 686 706 
3 686 687 707 
3 687 688 708 
3 688 689 709 
3 689 690 710 
3 690 691 711 
3 691 692 712 
3 693 694 714 
3 694 695 715 
3 695 696 716 
3 696 697 717 
3 697 698 718 
3 698 699 719 
3 699 700 720 
3 700 701 721 
3 701 702 722 
3 702 703 723 
3 703 704 724 
3 704 705 725 
3 705 706 726 
3 706 707 727 
3 707 708 728 
3 708 709 729 
3 709 710 730 
3 710 711 731 
3 711 712 732 
3 712 713 733 
3 714 715 735 
3 715 716 736 
3 716 717 737 
3 717 718 738 
3 718 719 739 
3 719 720 740 
3 720 721 741 
3 721 722 742 
3 722 723 743 
3 723 724 744 
3 724 725 745 
3 725 726 746 
3 726 727 747 
3 727 728 748 
3 728 729 749 
3 729 730 750 
3 730 731 751 
3 731 732 752 
3 732 733 753 
3 733 734 754 
3 735 736 756 
3 736 737 757 
3 737 738 758 
3 738 739 759 
3 739 740 760 
3 740 741 761 
3 741 742 762 
3 742 743 763 
3 743 744 764 
3 744 745 765 
3 745 746 766 
3 746 747 767 
3 747 748 768 
3 748 749 769 
3 749 750 770 
3 750 751 771 
3 751 752 772 
3 752 753 773 
3 753 754 774 
3 754 755 775 
3 756 757 777 
3 757 758 778 
3 758 759 779 
3 759 760 780 
3 760 761 781 
3 761 762 782 
3 762 763 783 
3 763 764 784 
3 764 765 785 
3 765 766 786 
3 766 767 787 
3 767 768 788 
3 768 769 789 
3 769 770 790 
3 770 771 791 
3 771 772 792 
3 772 773 793 
3 773 774 794 
3 774 775 795 
3 775 776 796 
3 777 778 798 
3 778 779 799 
3 779 780 800 
3 780 781 801 
3 781 782 802 
3 782 783 803 
3 783 784 804 
3 784 785 805 
3 785 786 806 
3 786 787 807 
3 787 788 808 
3 788 789 809 
3 789 790 810 
3 790 791 811 
3 791 792 812 
3 792 793 813 
3 793 794 814 
3 794 795 815 
3 795 796 816 
3 796 797 817 
3 798 799 819 
3 799 800 820 
3 800 801 821 
3 801 802 822 
3 802 803 823 
3 803 804 824 
3 804 805 825 
3 805 806 826 
3 806 807 827 
3 807 808 828 
3 808 809 829 
3 809 810 830 
3 810 811 831 
3 811 812 832 
3 812 813 833 
3 813 814 834 
3 814 815 835 
3 815 816 836 
3 816 817 837 
3 817 818 838 
3 819 820 840 
3 820 821 841 
3 821 822 842 
3 822 823 843 
3 823 824 844 
3 824 825 845 
3 825 826 846 
3 826 827 847 
3 827 828 848 
3 828 829 849 
3 829 830 850 
3 830 831 851 
3 831 832 852 
3 832 833 853 
3 833 834 854 
3 834 835 855 
3 835 836 856 
3 836 837 857 
3 837 838 858 
3 838 839 859 
3 1 22 21 
3 2 23 22 
3 3 24 23 
3 4 25 24 
3 5 26 25 
3 6 27 26 
3 7 28 27 
3 8 29 28 
3 9 30 29 
3 10 31 30 
3 11 32 31 
3 12 33 32 
3 13 34 33 
3 14 35 34 
3 15 36 35 
3 16 37 36 
3 17 38 37 
3 18 39 38 
3 19 40 39 
3 20 41 40 
3 22 43 42 
3 23 44 43 
3 24 45 44 
3 25 46 45 
3 26 47 46 
3 27 48 47 
3 28 49 48 
3 29 50 49 
3 30 51 50 
3 31 52 51 
3 32 53 52 
3 33 54 53 
3 34 55 54 
3 35 56 55 
3 36 57 56 
3 37 58 57 
3 38 59 58 
3 39 60 59 
3 40 61 60 
3 41 62 61 
3 43 64 63 
3 44 65 64 
3 45 66 65 
3 46 67 66 
3 47 68 67 
3 48 69 68 
3 49 70 69 
3 50 71 70 
3 51 72 71 
3 52 73 72 
3 53 74 73 
3 54 75 74 
3 55 76 75 
3 56 77 76 
3 57 78 77 
3 58 79 78 
3 59 80 79 
3 60 81 80 
3 61 82 81 
3 62 83 82 
3 64 85 84 
3 65 86 85 
3 66 87 86 
3 67 88 87 
3 68 89 88 
3 69 90 89 
3 70 91 90 
3 71 92 91 
3 72 93 92 
3 73 94 93 
3 74 95 94 
3 75 96 95 
3 76 97 96 
3 77 98 97 
3 78 99 98 
3 79 100 99 
3 80 101 100 
3 81 102 101 
3 82 103 102 
3 83 104 103 
3 85 106 105 
3 86 107 106 
3 87 108 107 
3 88 109 108 
3 89 110 109 
3 90 111 110 
3 91 112 111 
3 92 113 112 
3 93 114 113 
3 94 115 114 
3 95 116 115 
3 96 117 116 
3 97 118 117 
3 98 119 118 
3 99 120 119 
3 100 121 120 
3 101 122 121 
3 102 123 122 
3 103 124 123 
3 104 125 124 
3 106 127 126 
3 107 128 127 
3 108 129 128 
3 109 130 129 
3 110 131 130 
3 111 132 131 
3 112 133 132 
3 113 134 133 
3 114 135 134 
3 115 136 135 
3 116 137 136 
3 117 138 137 
3 118 139 138 
3 119 140 139 
3 120 141 140 
3 121 142 141 
3 122 143 142 
3 123 144 143 
3 124 145 144 
3 125 146 145 
3 127 148 147 
3 128 149 148 
3 129 150 149 
3 130 151 150 
3 131 152 151 
3 132 153 152 
3 133 154 153 
3 134 155 154 
3 135 156 155 
3 136 157 156 
3 137 158 157 
3 138 159 158 
3 139 160 159 
3 140 161 160 
3 141 162 161 
3 142 163 162 
3 143 164 163 
3 144 165 164 
3 145 166 165 
3 146 167 166 
3 148 169 168 
3 149 170 169 
3 150 171 170 
3 151 172 171 
3 152 173 172 
3 153 174 173 
3 154 175 174 
3 155 176 175 
3 156 177 176 
3 157 178 177 
3 158 179 178 
3 159 180 179 
3 160 181 180 
3 161 182 181 
3 162 183 182 
3 163 184 183 
3 164 185 184 
3 165 186 185 
3 166 187 186 
3 167 188 187 
3 169 190 189 
3 170 191 190 
3 171 192 191 
3 172 193 192 
3 173 194 193 
3 174 195 194 
3 175 196 195 
3 176 197 196 
3 177 198 197 
3 178 199 198 
3 179 200 199 
3 180 201 200 
3 181 202 201 
3 182 203 202 
3 183 204 203 
3 184 205 204 
3 185 206 205 
3 186 207 206 
3 187 208 207 
3 188 209 208 
3 190 211 210 
3 191 212 211 
3 192 213 212 
3 193 214 213 
3 194 215 214 
3 195 216 215 
3 196 217 216 
3 197 218 217 
3 198 219 218 
3 199 220 219 
3 200 221 220 
3 201 222 221 
3 202 223 222 
3 203 224 223 
3 204 225 224 
3 205 226 225 
3 206 227 226 
3 207 228 227 
3 208 229 228 
3 209 230 229 
3 211 232 231 
3 212 233 232 
3 213 234 233 
3 214 235 234 
3 215 236 235 
3 216 237 236 
3 217 238 237 
3 218 239 238 
3 219 240 239 
3 220 241 240 
3 221 242 241 
3 222 243 242 
3 223 244 243 
3 224 245 244 
3 225 246 245 
3 226 247 246 
3 227 248 247 
3 228 249 248 
3 229 250 249 
3 230 251 250 
3 232 253 252 
3 233 254 253 
3 234 255 254 
3 235 256 255 
3 236 257 256 
3 237 258 257 
3 238 259 258 
3 239 260 259 
3 240 261 260 
3 241 262 261 
3 242 263 262 
3 243 264 263 
3 244 265 264 
3 245 266 265 
3 246 267 266 
3 247 268 267 
3 248 269 268 
3 249 270 269 
3 250 271 270 
3 251 272 271 
3 253 274 273 
3 254 275 274 
3 255 276 275 
3 256 277 276 
3 257 278 277 
3 258 279 278 
3 259 280 279 
3 260 281 280 
3 261 282 281 
3 262 283 282 
3 263 284 283 
3 264 285 284 
3 265 286 285 
3 266 287 286 
3 267 288 287 
3 268 289 288 
3 269 290 289 
3 270 291 290 
3 271 292 291 
3 272 293 292 
3 274 295 294 
3 275 296 295 
3 276 297 296 
3 277 298 297 
3 278 299 298 
3 279 300 299 
3 280 301 300 
3 281 302 301 
3 282 303 302 
3 283 304 303 
3 284 305 304 
3 285 306 305 
3 286 307 306 
3 287 308 307 
3 288 309 308 
3 289 310 309 
3 290 311 310 
3 291 312 311 
3 292 313 312 
3 293 314 313 
3 295 316 315 
3 296 317 316 
3 297 318 317 
3 298 319 318 
3 299 320 319 
3 300 321 320 
3 301 322 321 
3 302 323 322 
3 303 324 323 
3 304 325 324 
3 305 326 325 
3 306 327 326 
3 307 328 327 
3 308 329 328 
3 309 330 329 
3 310 331 330 
3 311 332 331 
3 312 333 332 
3 313 334 333 
3 314 335 334 
3 316 337 336 
3 317 338 337 
3 318 339 338 
3 319 340 339 
3 320 341 340 
3 321 342 341 
3 322 343 342 
3 323 344 343 
3 324 345 344 
3 325 346 345 
3 326 347 346 
3 327 348 347 
3 328 349 348 
3 329 350 349 
3 330 351 350 
3 331 352 351 
3 332 353 352 
3 333 354 353 
3 334 355 354 
3 335 356 355 
3 337 358 357 
3 338 359 358 
3 339 360 359 
3 340 361 360 
3 341 362 361 
3 342 363 362 
3 343 364 363 
3 344 365 364 
3 345 366 365 
3 346 367 366 
3 347 368 367 
3 348 369 368 
3 349 370 369 
3 350 371 370 
3 351 372 371 
3 352 373 372 
3 353 374 373 
3 354 375 374 
3 355 376 375 
3 356 377 376 
3 358 379 378 
3 359 380 379 
3 360 381 380 
3 361 382 381 
3 362 383 382 
3 363 384 383 
3 364 385 384 
3 365 386 385 
3 366 387 386 
3 367 388 387 
3 368 389 388 
3 369 390 389 
3 370 391 390 
3 371 392 391 
3 372 393 392 
3 373 394 393 
3 374 395 394 
3 375 396 395 
3 376 397 396 
3 377 398 397 
3 379 400 399 
3 380 401 400 
3 381 402 401 
3 382 403 402 
3 383 404 403 
3 384 405 404 
3 385 406 405 
3 386 407 406 
3 387 408 407 
3 388 409 408 
3 389 410 409 
3 390 411 410 
3 391 412 411 
3 392 413 412 
3 393 414 413 
3 394 415 414 
3 395 416 415 
3 396 417 416 
3 397 418 417 
3 398 419 418 
3 400 421 420 
3 401 422 421 
3 402 423 422 
3 403 424 423 
3 404 425 424 
3 405 426 425 
3 406 427 426 
3 407 428 427 
3 408 429 428 
3 409 430 429 
3 410 431 430 
3 411 432 431 
3 412 433 432 
3 413 434 433 
3 414 435 434 
3 415 436 435 
3 416 437 436 
3 417 438 437 
3 418 439 438 
3 419 440 439 
3 421 442 441 
3 422 443 442 
3 423 444 443 
3 424 445 444 
3 425 446 445 
3 426 447 446 
3 427 448 447 
3 428 449 448 
3 429 450 449 
3 430 451 450 
3 431 452 451 
3 432 453 452 
3 433 454 453 
3 434 455 454 
3 435 456 455 
3 436 457 456 
3 437 458 457 
3 438 459 458 
3 439 460 459 
3 440 461 460 
3 442 463 462 
3 443 464 463 
3 444 465 464 
3 445 466 465 
3 446 467 466 
3 447 468 467 
3 448 469 468 
3 449 470 469 
3 450 471 470 
3 451 472 471 
3 452 473 472 
3 453 474 473 
3 454 475 474 
3 455 476 475 
3 456 477 476 
3 457 478 477 
3 458 479 478 
3 459 480 479 
3 460 481 480 
3 461 482 481 
3 463 484 483 
3 464 485 484 
3 465 486 485 
3 466 487 486 
3 467 488 487 
3 468 489 488 
3 469 490 489 
3 470 491 490 
3 471 492 491 
3 472 493 492 
3 473 494 493 
3 474 495 494 
3 475 496 495 
3 476 497 496 
3 477 498 497 
3 478 499 498 
3 479 500 499 
3 480 501 500 
3 481 502 501 
3 482 503 502 
3 484 505 504 
3 485 506 505 
3 486 507 506 
3 487 508 507 
3 488 509 508 
3 489 510 509 
3 490 511 510 
3 491 512 511 
3 492 513 512 
3 493 514 513 
3 494 515 514 
3 495 516 515 
3 496 517 516 
3 497 518 517 
3 498 519 518 
3 499 520 519 
3 500 521 520 
3 501 522 521 
3 502 523 522 
3 503 524 523 
3 505 526 525 
3 506 527 526 
3 507 528 527 
3 508 529 528 
3 509 530 529 
3 510 531 530 
3 511 532 531 
3 512 533 532 
3 513 534 533 
3 514 535 534 
3 515 536 535 
3 516 537 536 
3 517 538 537 
3 518 539 538 
3 519 540 539 
3 520 541 540 
3 521 542 541 
3 522 543 542 
3 523 544 543 
3 524 545 544 
3 526 547 546 
3 527 548 547 
3 528 549 548 
3 529 550 549 
3 530 551 550 
3 531 552 551 
3 532 553 552 
3 533 554 553 
3 534 555 554 
3 535 556 555 
3 536 557 556 
3 537 558 557 
3 538 559 558 
3 539 560 559 
3 540 561 560 
3 541 562 561 
3 542 563 562 
3 543 564 563 
3 544 565 564 
3 545 566 565 
3 547 568 567 
3 548 569 568 
3 549 570 569 
3 550 571 570 
3 551 572 571 
3 552 573 572 
3 553 574 573 
3 554 575 574 
3 555 576 575 
3 556 577 576 
3 557 578 577 
3 558 579 578 
3 559 580 579 
3 560 581 580 
3 561 582 581 
3 562 583 582 
3 563 584 583 
3 564 585 584 
3 565 586 585 
3 566 587 586 
3 568 589 588 
3 569 590 589 
3 570 591 590 
3 571 592 591 
3 572 593 592 
3 573 594 593 
3 574 595 594 
3 575 596 595 
3 576 597 596 
3 577 598 597 
3 578 599 598 
3 579 600 599 
3 580 601 600 
3 581 602 601 
3 582 603 602 
3 583 604 603 
3 584 605 604 
3 585 606 605 
3 586 607 606 
3 587 608 607 
3 589 610 609 
3 590 611 610 
3 591 612 611 
3 592 613 612 
3 593 614 613 
3 594 615 614 
3 595 616 615 
3 596 617 616 
3 597 618 617 
3 598 619 618 
3 599 620 619 
3 600 621 620 
3 601 622 621 
3 602 623 622 
3 603 624 623 
3 604 625 624 
3 605 626 625 
3 606 627 626 
3 607 628 627 
3 608 629 628 
3 610 631 630 
3 611 632 631 
3 612 633 632 
3 613 634 633 
3 614 635 634 
3 615 636 635 
3 616 637 636 
3 617 638 637 
3 618 639 638 
3 619 640 639 
3 620 641 640 
3 621 642 641 
3 622 643 642 
3 623 644 643 
3 624 645 644 
3 625 646 645 
3 626 647 646 
3 627 648 647 
3 628 649 648 
3 629 650 649 
3 631 652 651 
3 632 653 652 
3 633 654 653 
3 634 655 654 
3 635 656 655 
3 636 657 656 
3 637 658 657 
3 638 659 658 
3 639 660 659 
3 640 661 660 
3 641 662 661 
3 642 663 662 
3 643 664 663 
3 644 665 664 
3 645 666 665 
3 646 667 666 
3 647 668 667 
3 648 669 668 
3 649 670 669 
3 650 671 670 
3 652 673 672 
3 653 674 673 
3 654 675 674 
3 655 676 675 
3 656 677 676 
3 657 678 677 
3 658 679 678 
3 659 680 679 
3 660 681 680 
3 661 682 681 
3 662 683 682 
3 663 684 683 
3 664 685 684 
3 665 686 685 
3 666 687 686 
3 667 688 687 
3 668 689 688 
3 669 690 689 
3 670 691 690 
3 671 692 691 
3 673 694 693 
3 674 695 694 
3 675 696 695 
3 676 697 696 
3 677 698 697 
3 678 699 698 
3 679 700 699 
3 680 701 700 
3 681 702 701 
3 682 703 702 
3 683 704 703 
3 684 705 704 
3 685 706 705 
3 686 707 706 
3 687 708 707 
3 688 709 708 
3 689 710 709 
3 690 711 710 
3 691 712 711 
3 692 713 712 
3 694 715 714 
3 695 716 715 
3 696 717 716 
3 697 718 717 
3 698 719 718 
3 699 720 719 
3 700 721 720 
3 701 722 721 
3 702 723 722 
3 703 724 723 
3 704 725 724 
3 705 726 725 
3 706 727 726 
